1631 1612 1454 1354 1802 1657
1633 1612 1492 1353 1799 1675
1633 1612 1488 1352 1799 1672
1632 1612 1463 1353 1808 1658
1636 1612 1432 1355 1820 1643
1643 1612 1408 1355 1826 1628
1650 1619 1406 1353 1822 1611
1655 1628 1406 1352 1818 1603
1654 1622 1408 1352 1819 1611
1653 1613 1419 1353 1820 1617
1650 1612 1418 1353 1816 1622
1653 1612 1421 1352 1808 1628
1654 1613 1421 1351 1805 1637
1655 1614 1427 1350 1800 1638
1655 1615 1428 1350 1800 1631
1653 1612 1430 1349 1798 1631
1649 1612 1429 1350 1799 1639
1649 1612 1425 1351 1803 1643
1653 1612 1420 1352 1807 1629
1654 1619 1411 1351 1808 1622
1656 1624 1409 1350 1800 1622
1657 1625 1411 1348 1796 1618
1658 1624 1411 1348 1793 1623
1658 1625 1408 1348 1792 1625
1657 1622 1409 1348 1791 1628
1656 1616 1404 1349 1794 1632
1656 1615 1406 1349 1795 1633
1656 1617 1409 1349 1798 1637
1656 1617 1406 1349 1800 1626
1657 1622 1400 1348 1792 1604
1659 1627 1401 1345 1785 1605
1659 1623 1407 1343 1784 1621
1658 1623 1403 1343 1784 1630
1658 1622 1402 1344 1784 1636
1658 1621 1404 1345 1784 1645
1658 1626 1401 1343 1784 1636
1660 1628 1401 1340 1784 1626
1660 1629 1405 1339 1784 1631
1660 1628 1405 1341 1784 1632
1660 1631 1401 1341 1784 1627
1660 1634 1392 1341 1784 1626
1660 1634 1387 1341 1784 1629
1659 1631 1390 1342 1784 1632
1658 1626 1390 1346 1784 1628
1658 1626 1393 1346 1784 1622
1658 1622 1395 1348 1784 1629
1658 1623 1395 1347 1784 1632
1659 1629 1394 1346 1784 1619
1660 1638 1383 1342 1784 1565
1660 1639 1374 1343 1784 1563
1659 1633 1369 1348 1791 1595
1657 1630 1367 1350 1804 1600
1657 1631 1370 1350 1806 1572
1657 1631 1375 1350 1805 1565
1657 1627 1385 1350 1804 1582
1654 1615 1396 1352 1805 1594
1651 1612 1401 1352 1807 1610
1648 1612 1404 1353 1808 1618
1646 1612 1408 1353 1807 1619
1647 1612 1409 1352 1808 1611
1640 1612 1417 1354 1815 1610
1636 1612 1426 1354 1815 1610
1636 1612 1424 1354 1814 1611
1639 1612 1422 1354 1812 1618
1639 1612 1428 1354 1810 1626
1637 1612 1426 1354 1811 1622
1638 1612 1421 1354 1808 1613
1639 1612 1416 1353 1809 1606
1638 1612 1419 1354 1811 1610
1632 1612 1425 1354 1814 1613
1630 1612 1424 1355 1814 1620
1629 1612 1426 1356 1814 1627
1631 1612 1431 1355 1812 1629
1632 1612 1429 1355 1811 1629
1633 1612 1426 1355 1814 1617
1633 1612 1431 1355 1814 1616
1633 1612 1435 1355 1814 1614
1631 1612 1435 1355 1814 1619
1631 1612 1438 1355 1814 1623
1635 1612 1437 1354 1808 1625
1640 1612 1434 1353 1804 1628
1642 1612 1433 1352 1803 1624
1643 1612 1431 1352 1802 1624
1643 1612 1430 1352 1803 1626
1642 1612 1430 1351 1800 1629
1643 1612 1433 1352 1799 1638
1643 1612 1431 1351 1799 1632
1646 1612 1441 1351 1797 1635
1653 1612 1445 1348 1790 1634
1653 1612 1445 1348 1797 1629
1649 1612 1443 1348 1795 1631
1646 1612 1439 1349 1799 1629
1644 1612 1435 1350 1800 1632
1643 1612 1432 1350 1801 1632
1643 1612 1434 1350 1798 1640
1644 1612 1436 1350 1798 1627
1643 1612 1434 1350 1798 1622
1643 1612 1432 1350 1799 1622
1644 1612 1432 1350 1798 1624
1643 1612 1424 1351 1801 1626
1640 1612 1419 1352 1801 1626
1637 1612 1427 1353 1802 1628
1635 1612 1435 1353 1803 1623
1633 1612 1447 1353 1804 1622
1634 1612 1455 1353 1803 1624
1633 1612 1454 1353 1803 1628
1632 1612 1449 1353 1800 1630
1633 1612 1447 1353 1798 1636
1633 1612 1449 1353 1797 1637
1635 1612 1451 1352 1796 1637
1637 1612 1445 1352 1798 1628
1638 1612 1434 1352 1796 1621
1638 1612 1432 1352 1798 1623
1638 1612 1433 1352 1796 1624
1640 1612 1427 1352 1796 1626
1646 1612 1427 1351 1793 1632
1653 1612 1433 1349 1789 1637
1654 1612 1437 1347 1785 1641
1654 1612 1439 1345 1784 1642
1654 1612 1440 1346 1784 1637
1654 1612 1432 1345 1784 1637
1652 1612 1428 1348 1785 1640
1652 1612 1431 1348 1784 1644
1653 1612 1435 1346 1784 1644
1652 1612 1443 1343 1784 1644
1648 1612 1458 1340 1784 1675
1646 1612 1485 1338 1784 1704
1640 1612 1526 1338 1784 1727
1637 1612 1557 1339 1784 1743
1637 1612 1578 1341 1784 1759
1637 1612 1590 1342 1784 1763
1637 1612 1575 1343 1784 1760
1638 1612 1572 1342 1784 1775
1637 1612 1564 1341 1784 1747
1637 1612 1546 1340 1784 1716
1638 1612 1544 1340 1784 1703
1640 1612 1534 1343 1784 1687
1640 1612 1530 1345 1784 1675
1637 1612 1515 1348 1784 1665
1636 1612 1504 1350 1784 1660
1636 1612 1492 1352 1784 1659
1640 1612 1486 1350 1784 1657
1645 1612 1472 1348 1784 1651
1646 1612 1453 1349 1784 1645
1646 1612 1450 1351 1784 1646
1643 1612 1456 1353 1784 1654
1640 1612 1454 1352 1784 1651
1639 1612 1456 1351 1784 1650
1638 1612 1460 1349 1784 1643
1641 1612 1461 1346 1784 1642
1642 1612 1456 1344 1784 1649
1644 1612 1450 1342 1784 1649
1645 1612 1448 1342 1784 1652
1644 1612 1448 1342 1784 1648
1644 1612 1449 1345 1784 1648
1642 1612 1451 1347 1784 1645
1642 1612 1451 1348 1784 1640
1643 1612 1450 1347 1784 1640
1646 1612 1452 1345 1784 1639
1649 1612 1450 1344 1784 1641
1650 1612 1449 1342 1784 1641
1651 1612 1452 1338 1784 1645
1650 1612 1448 1337 1784 1646
1651 1612 1447 1338 1784 1646
1648 1612 1444 1341 1784 1650
1644 1612 1447 1343 1784 1651
1645 1612 1449 1343 1784 1649
1646 1612 1450 1343 1784 1647
1646 1612 1455 1343 1784 1648
1647 1612 1456 1342 1784 1644
1652 1612 1457 1339 1784 1646
1653 1612 1452 1339 1784 1651
1651 1612 1450 1341 1784 1651
1645 1612 1450 1344 1784 1650
1645 1612 1451 1345 1784 1644
1647 1612 1454 1344 1784 1648
1648 1612 1451 1343 1784 1646
1648 1612 1447 1343 1784 1647
1647 1612 1444 1343 1784 1647
1647 1612 1448 1342 1784 1648
1649 1612 1447 1342 1784 1639
1647 1612 1446 1343 1784 1640
1644 1612 1453 1348 1784 1634
1641 1612 1453 1351 1786 1625
1643 1612 1448 1351 1785 1630
1647 1612 1443 1350 1784 1637
1646 1612 1439 1350 1784 1643
1643 1612 1442 1350 1784 1637
1644 1612 1442 1350 1784 1629
1644 1612 1445 1349 1784 1635
1641 1612 1446 1350 1787 1635
1635 1612 1453 1353 1797 1625
1631 1612 1452 1354 1802 1626
1632 1612 1457 1354 1800 1627
1636 1612 1464 1353 1796 1628
1638 1612 1463 1352 1794 1626
1637 1612 1462 1351 1795 1626
1638 1612 1465 1351 1792 1626
1638 1612 1460 1351 1791 1632
1636 1612 1451 1352 1793 1637
1636 1612 1450 1352 1796 1629
1632 1612 1456 1353 1800 1631
1633 1612 1457 1353 1799 1624
1634 1612 1460 1352 1799 1626
1634 1612 1462 1352 1800 1623
1633 1612 1460 1353 1802 1622
1631 1612 1461 1354 1802 1626
1632 1612 1461 1353 1799 1623
1632 1612 1460 1353 1802 1618
1633 1612 1463 1353 1804 1614
1632 1612 1462 1353 1802 1619
1634 1612 1466 1352 1797 1624
1635 1612 1454 1352 1796 1621
1635 1612 1451 1352 1798 1625
1635 1612 1450 1352 1795 1630
1636 1612 1450 1352 1793 1627
1642 1612 1447 1349 1790 1620
1643 1612 1449 1348 1788 1626
1644 1612 1452 1348 1787 1627
1643 1612 1454 1349 1791 1625
1642 1612 1445 1349 1791 1631
1643 1612 1440 1350 1788 1637
1644 1612 1438 1349 1785 1641
1645 1612 1440 1346 1784 1640
1647 1612 1447 1345 1784 1639
1648 1612 1457 1344 1784 1644
1647 1612 1458 1344 1784 1642
1647 1612 1459 1344 1784 1638
1647 1612 1453 1345 1784 1641
1648 1612 1451 1344 1784 1645
1646 1612 1450 1346 1784 1648
1645 1612 1454 1347 1784 1641
1644 1612 1460 1348 1786 1640
1642 1612 1463 1348 1787 1636
1642 1612 1458 1349 1787 1636
1643 1612 1450 1349 1787 1639
1648 1612 1453 1347 1784 1646
1649 1612 1454 1347 1784 1648
1649 1612 1453 1345 1784 1642
1648 1612 1449 1345 1784 1637
1648 1612 1451 1345 1784 1635
1646 1612 1452 1346 1784 1638
1644 1612 1454 1346 1784 1638
1644 1612 1450 1347 1784 1637
1643 1612 1450 1348 1784 1643
1645 1612 1448 1345 1784 1645
1646 1612 1443 1346 1784 1642
1646 1612 1448 1347 1784 1642
1646 1612 1452 1346 1784 1641
1646 1612 1453 1345 1784 1641
1644 1612 1453 1346 1784 1641
1644 1612 1448 1348 1785 1641
1642 1612 1445 1349 1786 1639
1642 1612 1440 1349 1785 1633
1643 1612 1440 1348 1784 1630
1643 1612 1441 1347 1784 1630
1642 1612 1452 1347 1784 1631
1642 1612 1469 1346 1784 1638
1640 1612 1483 1345 1784 1659
1635 1612 1524 1342 1784 1690
1636 1612 1555 1342 1784 1709
1638 1612 1592 1343 1784 1742
1638 1612 1617 1344 1784 1762
1638 1612 1649 1345 1784 1786
1638 1612 1646 1345 1783 1784
1638 1612 1643 1345 1784 1779
1637 1612 1627 1344 1784 1747
1637 1612 1595 1348 1784 1728
1637 1612 1578 1350 1784 1716
1637 1612 1554 1352 1784 1702
1637 1612 1540 1353 1784 1690
1637 1612 1544 1353 1784 1673
1637 1612 1562 1349 1784 1666
1637 1612 1550 1349 1784 1671
1636 1612 1528 1353 1784 1678
1635 1612 1524 1355 1784 1682
1635 1612 1528 1354 1784 1670
1635 1612 1527 1354 1784 1663
1635 1612 1520 1350 1784 1658
1634 1612 1508 1350 1784 1664
1634 1612 1507 1350 1784 1673
1634 1612 1498 1349 1784 1668
1635 1612 1497 1347 1784 1667
1635 1612 1498 1346 1784 1672
1636 1612 1491 1345 1784 1663
1640 1612 1458 1347 1784 1631
1644 1612 1412 1351 1784 1608
1644 1612 1397 1353 1786 1609
1648 1612 1393 1352 1789 1600
1654 1617 1389 1350 1790 1582
1655 1620 1393 1348 1791 1576
1657 1624 1401 1347 1791 1577
1658 1629 1399 1346 1789 1577
1657 1627 1390 1346 1788 1577
1657 1624 1385 1346 1791 1575
1656 1621 1388 1347 1795 1579
1656 1617 1396 1348 1798 1584
1656 1614 1404 1348 1798 1586
1657 1617 1408 1347 1792 1586
1658 1620 1411 1347 1788 1590
1659 1623 1409 1346 1786 1592
1659 1626 1401 1346 1788 1589
1658 1626 1395 1346 1787 1591
1658 1625 1398 1346 1788 1597
1657 1616 1403 1347 1795 1595
1651 1612 1406 1349 1802 1589
1651 1612 1415 1349 1799 1590
1654 1612 1425 1348 1794 1596
1657 1614 1420 1348 1790 1602
1657 1616 1414 1348 1791 1602
1657 1616 1407 1348 1789 1608
1658 1619 1401 1347 1787 1612
1659 1620 1408 1347 1787 1613
1657 1613 1417 1347 1791 1612
1655 1612 1419 1347 1793 1611
1656 1612 1422 1348 1792 1612
1658 1612 1422 1348 1793 1612
1657 1612 1423 1348 1793 1620
1657 1612 1425 1348 1793 1622
1657 1612 1426 1348 1792 1619
1656 1612 1422 1348 1793 1620
1650 1612 1422 1348 1798 1619
1648 1612 1426 1349 1800 1617
1643 1612 1432 1350 1799 1624
1645 1612 1432 1350 1792 1627
1649 1612 1434 1348 1788 1624
1649 1612 1434 1348 1790 1620
1648 1612 1431 1348 1791 1617
1648 1612 1434 1348 1793 1616
1650 1612 1434 1348 1791 1621
1647 1612 1427 1349 1794 1622
1645 1612 1431 1350 1796 1628
1645 1612 1434 1350 1797 1627
1646 1612 1433 1349 1798 1621
1651 1612 1426 1348 1795 1609
1651 1612 1424 1348 1795 1606
1651 1612 1422 1348 1792 1607
1648 1612 1420 1348 1791 1615
1651 1612 1425 1348 1788 1618
1651 1612 1427 1349 1789 1623
1650 1612 1428 1349 1795 1614
1650 1612 1429 1349 1796 1611
1647 1612 1436 1348 1790 1619
1649 1612 1435 1348 1786 1620
1652 1612 1426 1348 1787 1617
1651 1612 1427 1348 1785 1633
1651 1612 1421 1348 1784 1634
1653 1612 1423 1346 1784 1627
1652 1612 1425 1344 1784 1626
1655 1612 1430 1345 1784 1623
1657 1618 1418 1346 1784 1611
1657 1625 1390 1345 1784 1592
1658 1627 1378 1345 1784 1582
1658 1627 1372 1345 1784 1575
1658 1626 1371 1345 1784 1574
1658 1623 1371 1345 1784 1576
